0,3,12,3,51,75,10,63,
3,0,20,1,87,30,23,82,
12,20,0,14,61,76,75,60,
3,1,14,0,45,79,35,91,
51,87,61,45,0,20,72,62,
75,30,76,79,20,0,59,18,
10,23,75,35,72,59,0,82,
63,82,60,91,62,18,82,0,
